0    0    0    
0    0    0    
0    0    0    
-0.0232787    0.847027    -0.136477    
-0.023283    0.847049    -0.136497    
-0.0232788    0.84704    -0.1365    
-0.0232608    0.847036    -0.136471    
-0.0232585    0.847035    -0.136447    
-0.023247    0.847021    -0.136449    
-0.0232888    0.847019    -0.136468    
-0.0232964    0.847041    -0.136482    
-0.0232888    0.847034    -0.13647    
-0.0232961    0.847022    -0.136481    
-0.0233024    0.847015    -0.1365    
-0.0232656    0.847022    -0.136474    
-0.0232522    0.847034    -0.136462    
-0.0232728    0.847027    -0.136483    
-0.0232868    0.847023    -0.136503    
-0.0233019    0.847009    -0.136518    
-0.0232972    0.847    -0.136518    
-0.0233075    0.84702    -0.136524    
-0.0232863    0.847018    -0.136478    
-0.0232611    0.847026    -0.136453    
-0.0232766    0.847032    -0.136481    
-0.0232795    0.847033    -0.136469    
-0.0233001    0.847027    -0.136483    
-0.0232932    0.847027    -0.136477    
-0.0232806    0.84704    -0.136469    
-0.0232917    0.847031    -0.136476    
-0.023302    0.847013    -0.136496    
-0.0233261    0.847014    -0.136513    
-0.0233326    0.847005    -0.136525    
-0.0233229    0.847011    -0.13652    
-0.0233246    0.847008    -0.136512    
-0.0232996    0.846999    -0.136486    
-0.0232727    0.846995    -0.136456    
-0.0232781    0.846987    -0.13648    
-0.0232962    0.846993    -0.136507    
-0.0233086    0.846998    -0.136511    
-0.0233094    0.847013    -0.1365    
-0.0233025    0.846999    -0.136495    
-0.0233068    0.847    -0.136506    
-0.0233241    0.847009    -0.136514    
-0.023321    0.847008    -0.136511    
-0.0233118    0.847008    -0.136506    
-0.0233047    0.847003    -0.136517    
-0.0233126    0.846994    -0.136531    
-0.0233208    0.847014    -0.136541    
-0.0233311    0.847025    -0.136543    
-0.0233353    0.847019    -0.13654    
-0.0233209    0.847006    -0.13651    
-0.0233513    0.847004    -0.136527    
-0.0233499    0.846992    -0.136511    
-0.0233258    0.846988    -0.136503    
-0.023342    0.846988    -0.136515    
-0.0233655    0.846971    -0.136529    
-0.0233794    0.846974    -0.136536    
-0.0233753    0.846982    -0.136549    
-0.0233681    0.846983    -0.136534    
-0.0233473    0.846962    -0.136495    
-0.023359    0.846969    -0.136516    
-0.0233869    0.846976    -0.13654    
-0.0233962    0.846964    -0.13652    
-0.0233821    0.846968    -0.136527    
-0.0233759    0.846971    -0.136555    
-0.0233807    0.846959    -0.136549    
-0.0233758    0.846947    -0.136519    
-0.0233674    0.846943    -0.136513    
-0.0233524    0.846939    -0.136511    
-0.0233279    0.846951    -0.136482    
-0.0233207    0.846958    -0.136439    
-0.0233038    0.846945    -0.136423    
-0.0233094    0.846943    -0.136446    
-0.0233197    0.846945    -0.136455    
-0.0233019    0.846938    -0.136441    
-0.0233055    0.846937    -0.13644    
-0.0233206    0.846945    -0.136442    
-0.0233093    0.846947    -0.136426    
-0.0232875    0.846943    -0.136397    
-0.0233078    0.846962    -0.136401    
-0.0233207    0.846973    -0.136424    
-0.0233351    0.846968    -0.136444    
-0.0233318    0.84697    -0.136448    
-0.02331    0.846966    -0.13642    
-0.0233203    0.846973    -0.136432    
-0.0233208    0.846984    -0.136452    
-0.0233095    0.846972    -0.136449    
-0.023304    0.846968    -0.136432    
-0.0232843    0.846952    -0.136414    
-0.023271    0.846944    -0.136404    
-0.0232705    0.846945    -0.136399    
-0.0232525    0.846965    -0.136409    
-0.0232356    0.846961    -0.136406    
-0.0232208    0.846939    -0.1364    
-0.0231984    0.846933    -0.136378    
-0.023212    0.846941    -0.136396    
-0.0232365    0.846928    -0.136405    
-0.0232346    0.846921    -0.136393    
-0.0232203    0.846929    -0.136396    
-0.0231921    0.846935    -0.136363    
-0.0231682    0.84693    -0.136336    
-0.0231854    0.846948    -0.136363    
-0.0231655    0.846944    -0.136358    
-0.0231474    0.846921    -0.136347    
-0.0231381    0.846924    -0.136333    
-0.0231586    0.846928    -0.13635    
-0.023157    0.846924    -0.136339    
-0.0231476    0.846914    -0.136304    
-0.0231438    0.846913    -0.136301    
-0.0231704    0.84691    -0.136323    
-0.0231763    0.846909    -0.136332    
-0.0231601    0.84691    -0.136323    
-0.0231804    0.846899    -0.136338    
-0.0231648    0.846887    -0.136331    
-0.0231714    0.846879    -0.136319    
-0.0231936    0.846868    -0.136336    
-0.0231883    0.846859    -0.136327    
-0.0231569    0.846864    -0.136295    
-0.0231679    0.846868    -0.1363    
-0.0232177    0.846869    -0.136353    
-0.0232084    0.846871    -0.136356    
-0.0231937    0.846887    -0.13632    
-0.0232066    0.84688    -0.136322    
-0.0232231    0.84688    -0.13634    
-0.0231986    0.846875    -0.136329    
-0.0232151    0.84687    -0.136325    
-0.0232446    0.846879    -0.136359    
-0.0232136    0.84688    -0.136322    
-0.0231957    0.846874    -0.136319    
-0.0231799    0.846871    -0.136314    
-0.0231871    0.846879    -0.136307    
-0.023188    0.846886    -0.136303    
-0.0231847    0.846897    -0.136295    
-0.0231777    0.846899    -0.136297    
-0.0231756    0.846896    -0.136299    
-0.0231571    0.84689    -0.136275    
-0.023141    0.84691    -0.136251    
-0.023143    0.84692    -0.136272    
-0.0231409    0.846897    -0.136291    
-0.0231216    0.846888    -0.136276    
-0.0231244    0.846905    -0.136275    
-0.0231062    0.846909    -0.136254    
-0.02311    0.846916    -0.136247    
-0.0231347    0.846917    -0.136284    
-0.023137    0.846913    -0.136304    
-0.0231257    0.84692    -0.136274    
-0.0231196    0.846928    -0.136257    
-0.0231267    0.846923    -0.136291    
-0.023144    0.846924    -0.136322    
-0.0231526    0.846931    -0.13632    
-0.0231609    0.84692    -0.136303    
-0.0231747    0.846904    -0.136299    
-0.0231908    0.8469    -0.136295    
-0.0231613    0.846911    -0.136283    
-0.0231638    0.846914    -0.136297    
-0.0232178    0.846904    -0.136328    
-0.0232083    0.846902    -0.136301    
-0.0232134    0.846901    -0.136319    
-0.0232017    0.8469    -0.136307    
-0.0232089    0.846925    -0.136301    
-0.0232155    0.846944    -0.136297    
-0.023182    0.846946    -0.136268    
-0.0231481    0.846932    -0.136241    
-0.0231091    0.846922    -0.136219    
-0.023119    0.846924    -0.136231    
-0.0231354    0.846914    -0.136238    
-0.0231556    0.846914    -0.136252    
-0.0231713    0.8469    -0.136283    
-0.0231479    0.846894    -0.136257    
-0.0231468    0.846904    -0.136265    
-0.0231537    0.846914    -0.13627    
-0.0231491    0.846919    -0.136264    
-0.0231352    0.846918    -0.136242    
-0.0231157    0.84691    -0.136234    
-0.0231202    0.846904    -0.13625    
-0.0231359    0.846913    -0.136259    
-0.0231269    0.846917    -0.136245    
-0.023101    0.846904    -0.136223    
-0.0230784    0.846901    -0.136203    
-0.0230715    0.846904    -0.136223    
-0.0230757    0.846928    -0.136218    
-0.0230667    0.846923    -0.136207    
-0.023077    0.84691    -0.136215    
-0.0230818    0.846887    -0.136205    
-0.0230759    0.846884    -0.136194    
-0.0230709    0.846898    -0.136203    
-0.02308    0.846906    -0.136216    
-0.0230857    0.846899    -0.136217    
-0.0230752    0.846894    -0.136191    
-0.0230623    0.846886    -0.136168    
-0.0230304    0.846884    -0.13617    
-0.0230089    0.846895    -0.136141    
-0.0230045    0.846902    -0.136133    
-0.0230156    0.846901    -0.136152    
-0.0230284    0.846882    -0.136139    
-0.0230201    0.846888    -0.136124    
-0.0230188    0.846903    -0.13613    
-0.0230419    0.846924    -0.136147    
-0.0230351    0.846929    -0.136122    
-0.0230416    0.846945    -0.136121    
-0.0230338    0.84694    -0.13614    
-0.0230416    0.846929    -0.136147    
-0.0230478    0.84693    -0.136126    
-0.0230563    0.84693    -0.136146    
-0.0230634    0.846923    -0.136155    
-0.0230366    0.846928    -0.136134    
-0.0230035    0.846925    -0.13611    
-0.0229977    0.846927    -0.136114    
-0.023005    0.84692    -0.136117    
-0.0230358    0.84692    -0.136134    
-0.0230478    0.846926    -0.13615    
-0.0230246    0.846911    -0.136132    
-0.022996    0.846905    -0.136105    
-0.0229975    0.846909    -0.136107    
-0.0229959    0.84689    -0.136096    
-0.0230168    0.846889    -0.136113    
-0.0230429    0.846912    -0.136159    
-0.0230274    0.846915    -0.136139    
-0.0229887    0.846908    -0.136095    
-0.0229754    0.846898    -0.136076    
-0.0229534    0.84689    -0.136082    
-0.0229548    0.846908    -0.1361    
-0.0229504    0.84691    -0.136077    
-0.0229307    0.846901    -0.136057    
-0.0229564    0.846903    -0.136082    
-0.0229691    0.846901    -0.136089    
-0.0229554    0.846903    -0.136075    
-0.0229355    0.846903    -0.136049    
-0.0229539    0.846898    -0.136074    
-0.0229442    0.846888    -0.136086    
-0.0229439    0.846883    -0.136084    
-0.0229331    0.846865    -0.136046    
-0.0229265    0.846871    -0.13603    
-0.0229141    0.846884    -0.136019    
-0.0228988    0.846884    -0.135989    
-0.0228907    0.846871    -0.13599    
-0.0228894    0.846868    -0.136002    
-0.0228975    0.846869    -0.136017    
-0.0228913    0.846868    -0.135998    
-0.0228804    0.846867    -0.135987    
-0.0229092    0.846881    -0.136015    
-0.02291    0.846884    -0.136037    
-0.0228883    0.846875    -0.136015    
-0.0228593    0.84687    -0.135977    
-0.0228796    0.846878    -0.135988    
-0.0228836    0.846873    -0.135968    
-0.0228787    0.846869    -0.135971    
-0.0228851    0.846865    -0.135978    
-0.022889    0.846864    -0.135969    
-0.0229108    0.846873    -0.13598    
-0.0229051    0.846877    -0.135977    
-0.0228954    0.846884    -0.135971    
-0.0228829    0.846868    -0.135952    
-0.0228664    0.846856    -0.135969    
-0.0228483    0.846869    -0.135983    
-0.0228486    0.846873    -0.135996    
-0.0228461    0.846876    -0.135973    
-0.022833    0.846882    -0.135953    
-0.0228225    0.846879    -0.135941    
-0.0227897    0.846862    -0.135902    
-0.0227834    0.846864    -0.135908    
-0.0227976    0.846888    -0.135931    
-0.0228205    0.84688    -0.135931    
-0.0228056    0.846896    -0.135916    
-0.0228047    0.846908    -0.135914    
-0.0228147    0.846904    -0.135917    
-0.0228032    0.846901    -0.135894    
-0.0228203    0.846912    -0.135911    
-0.0228252    0.846931    -0.135936    
-0.0228023    0.846927    -0.135917    
-0.022805    0.846921    -0.135907    
-0.0228198    0.846916    -0.135924    
-0.0228161    0.846899    -0.135926    
-0.0228183    0.846889    -0.13593    
-0.022811    0.846886    -0.135916    
-0.0228248    0.846892    -0.135913    
-0.0228335    0.846888    -0.135907    
-0.0228456    0.846904    -0.135902    
-0.0228588    0.846911    -0.135933    
-0.0228597    0.846918    -0.135941    
-0.0228696    0.846912    -0.135949    
-0.0228651    0.846901    -0.135955    
-0.0228522    0.846909    -0.13596    
-0.022834    0.846923    -0.135947    
-0.0228309    0.846932    -0.135947    
-0.0228345    0.846932    -0.135945    
-0.0228489    0.846935    -0.135958    
-0.0228582    0.846936    -0.135969    
-0.022844    0.846915    -0.135958    
-0.0228445    0.846918    -0.135967    
-0.0228564    0.846925    -0.135995    
-0.0228472    0.846917    -0.135977    
-0.0228316    0.846932    -0.135961    
-0.0228471    0.846942    -0.135986    
-0.0228378    0.846937    -0.135984    
-0.0227997    0.846947    -0.135958    
-0.0228147    0.84694    -0.13597    
-0.0228332    0.846936    -0.135983    
-0.0228206    0.846951    -0.135966    
-0.0228037    0.846962    -0.135964    
-0.0227782    0.846973    -0.13594    
-0.0227864    0.846978    -0.135933    
-0.0228065    0.846973    -0.135945    
-0.0228401    0.846972    -0.135978    
-0.0228615    0.846966    -0.135999    
-0.0228207    0.846957    -0.135951    
-0.0228199    0.846964    -0.135938    
-0.0228292    0.846971    -0.135939    
-0.0228497    0.846966    -0.135985    
-0.0228799    0.84696    -0.136036    
-0.0228788    0.84696    -0.136034    
-0.0228585    0.846977    -0.136016    
-0.0228338    0.846988    -0.136024    
-0.0228396    0.84699    -0.136023    
-0.0228324    0.846996    -0.136014    
-0.0228333    0.846988    -0.136013    
-0.0228463    0.846983    -0.136024    
-0.0228628    0.846983    -0.136044    
-0.0228491    0.846998    -0.136048    
-0.0228391    0.847017    -0.136027    
-0.0228275    0.847026    -0.136022    
-0.0228284    0.847036    -0.136028    
-0.0228295    0.847035    -0.136021    
-0.022816    0.847029    -0.13601    
-0.022807    0.847025    -0.13601    
-0.0228036    0.847019    -0.135995    
-0.0227904    0.847017    -0.135982    
-0.0227745    0.847016    -0.135984    
-0.0227704    0.847021    -0.136002    
-0.022763    0.846998    -0.135982    
-0.0227692    0.846975    -0.135983    
-0.022784    0.846981    -0.136008    
-0.0227758    0.846987    -0.136012    
-0.0227738    0.846979    -0.135992    
-0.0227558    0.846974    -0.13597    
-0.0227354    0.846989    -0.135948    
-0.0227355    0.846987    -0.135948    
-0.0227411    0.846989    -0.135938    
-0.0227164    0.846997    -0.135927    
-0.0227148    0.846997    -0.135914    
-0.0227221    0.846998    -0.13594    
-0.0227296    0.847004    -0.135976    
-0.0227317    0.847009    -0.13598    
-0.0227361    0.847003    -0.135973    
-0.0227277    0.846992    -0.135962    
-0.022708    0.846994    -0.135916    
-0.0227007    0.846991    -0.135917    
-0.0226905    0.846985    -0.135902    
-0.0226981    0.846988    -0.135912    
-0.0227034    0.846984    -0.135927    
-0.022679    0.846985    -0.135913    
-0.022671    0.847    -0.135904    
-0.0226978    0.847022    -0.135925    
-0.0227025    0.847022    -0.135913    
-0.0226669    0.847005    -0.135884    
-0.0226664    0.846999    -0.135884    
-0.0226754    0.846986    -0.135893    
-0.0226803    0.846991    -0.135898    
-0.0226806    0.847004    -0.135908    
-0.0226845    0.846999    -0.135911    
-0.0227019    0.846997    -0.135909    
-0.0226742    0.846987    -0.135891    
-0.0226675    0.846976    -0.135881    
-0.0226677    0.84697    -0.135902    
-0.0226682    0.846985    -0.135919    
-0.0226954    0.846979    -0.135924    
-0.0227114    0.846984    -0.135934    
-0.0227    0.846986    -0.135924    
-0.0226808    0.846981    -0.135898    
-0.0226674    0.846978    -0.135875    
-0.0226594    0.846984    -0.135879    
-0.0226881    0.846997    -0.135933    
-0.0226953    0.846997    -0.135943    
-0.0226799    0.846989    -0.135919    
-0.0226651    0.846978    -0.135897    
-0.0226759    0.846972    -0.135922    
-0.0226727    0.84697    -0.135914    
-0.022665    0.846973    -0.135904    
-0.0226522    0.846967    -0.135904    
-0.0226684    0.846964    -0.135926    
-0.0226727    0.846978    -0.135934    
-0.0226856    0.84697    -0.135923    
-0.0227059    0.846953    -0.135938    
-0.0227131    0.846954    -0.135965    
-0.0227029    0.846954    -0.135957    
-0.0227107    0.846953    -0.135979    
-0.0226867    0.846955    -0.135975    
-0.0226866    0.846964    -0.135989    
-0.0226849    0.846979    -0.135972    
-0.0226949    0.846969    -0.135981    
-0.022689    0.846974    -0.135978    
-0.0226691    0.846968    -0.135958    
-0.0226426    0.846977    -0.135929    
-0.0226328    0.846989    -0.135926    
-0.0226573    0.846994    -0.135924    
-0.0226587    0.846989    -0.135921    
-0.0226775    0.846976    -0.135959    
-0.0227161    0.846983    -0.136001    
-0.0227277    0.846998    -0.135999    
-0.0226862    0.847008    -0.135954    
-0.0226599    0.847003    -0.135939    
-0.0226605    0.846988    -0.135931    
-0.0226679    0.846977    -0.135929    
-0.022688    0.846985    -0.135949    
-0.0227159    0.847    -0.135966    
-0.0227277    0.847009    -0.135953    
-0.0227176    0.847007    -0.135951    
-0.0227327    0.847002    -0.135984    
-0.0227277    0.847003    -0.135975    
-0.0227061    0.846999    -0.135944    
-0.0227187    0.846999    -0.13595    
-0.0227124    0.847005    -0.135938    
-0.0226988    0.847005    -0.135925    
-0.0226962    0.846983    -0.135929    
-0.0227021    0.846996    -0.135927    
-0.0226974